TECHNICAL SPECIFICATIONS

ACF

BR

De

G

Reach

Stack

4B

50,8

40,5

75°

26,8

10,5

57.6

an

50

46

376

518

40,5

74°45!

26,8

ns

57,7

51,3

48

52,9

40,6

74215"

26,8

12,5

57,9

380

52,4

50

54

40,6

7148

26,8

13,6

58,3

385

53,7

52

551

40,7

748

26,8

14,7

59

393

54,8

54

56,3

40,7

32,45"

26,8

15,9

59,9

399

561

56

57,6

4l

3°30"

26,8

73

60,8

406

S74

58

4l

Ts

19

409

58,9

26,8

61,5

591

FRAME

Headtube

BB Size

Seatpost

1 1/2+ 11/2 ACR SYSTEM

86,541

DEDICATED

800gr
